120
SQC1600 89 76
GHB8W13 63 53
WLF1B35 29 8
XWU9V69 49 35
YDQ9L01 88 48
TDA0Z33 32 30
EFH6473 92 43
AVT0U81 80 39
YSU4S97 78 45
MZN7B06 87 31
MOS5934 29 15
GYF8439 26 3
GMR1H91 63 33
HCS2515 66 35
IZS3666 80 61
QWE1P00 56 56
IHW4J55 65 43
ULW2B48 24 21
INQ4V06 70 35
RXI3Y71 71 13
YQL4E08 33 10
BQF1403 62 7
HTM7I05 95 35
DLX1571 65 55
RMB4264 32 13
UWU2212 63 21
GOX7346 27 26
WXC3181 26 3
WJT3R96 97 94
XQW8T54 52 12
QID4J24 32 19
NSD6L75 28 10
RHR2749 22 14
MGN0632 91 24
DDI2M11 96 49
HTZ8H95 82 28
EXI0R55 72 24
AZM0721 24 10
DLY0309 67 48
DNU5J90 33 11
LZX2H16 92 50
PXP2B74 71 54
JGW3063 29 13
TUO4U37 92 41
XZO6543 40 27
UOZ7073 32 9
ZLF9595 78 22
SPU5901 53 12
QWW5R63 76 30
BFQ1210 98 81
CNR3W13 68 20
FKK5B72 63 19
VVG7099 49 16
LNS2285 53 26
NSD4693 47 28
XVS2823 68 54
XRC9288 47 7
RHM8567 24 20
FFW3587 26 17
IXR6M37 55 26
MCH8Y04 64 31
DGB5E93 59 40
ZPG3658 100 10
LBV7107 26 16
HBP1C50 60 41
VUX7752 100 89
NZP4S34 93 50
KOF7Z32 65 21
ESL7184 88 36
MGS5R08 97 72
CZP7041 66 60
OTI7X77 22 21
UPX4R46 78 29
KPK9925 66 22
EZA2A91 81 19
QUQ7893 87 86
SHI4J16 64 30
HDB7R46 45 23
NTD4K75 59 17
KMW6S17 59 41
NQD4Z40 82 79
QYP9E06 68 63
IBN4725 21 9
AEN1U07 83 49
JMM2F84 70 61
MTV4Z16 93 29
LYD2132 32 19
XVW9W59 63 50
QDI6D97 64 14
KJC5J61 71 40
KQV4332 95 47
SGK6068 22 9
HOV0B48 55 37
ORF5828 47 29
XEX3979 94 65
DCT0426 39 4
XDD8692 55 39
JSA9D38 49 25
KDZ3335 50 36
VWR6A57 60 51
IHW6Q70 91 72
LQY8T93 28 28
JIW1K86 70 31
VQR9D98 69 68
PLR1971 93 29
ZTM8Y46 80 20
RKX6947 65 63
ANB2A39 86 22
VBM1137 85 15
BNG2X37 83 20
EPJ4J49 33 26
JZO6641 76 27
KPU5110 61 58
PLJ4340 52 39
PWR4U50 54 14
KAX4T67 85 23
TSU4S50 36 29
XHI4509 93 31
NWJ0507 76 71
JYY9C44 60 20
1800
MK202675657NG 83.40 3 1
UL364003249LQ 69.96 7 6
ZP792463486KW 56.25 17 24
NC488450237IC 80.07 3 2
OV543123986RR 26.67 1 1
ER021769732UV 80.61 19 5
BH949598984NQ 40.47 4 2
LK920387692EX 67.95 2 1
RP514922410WF 26.79 5 6
IR048203269SU 27.75 16 4
ZI339373887NL 62.16 10 3
GM980880148AR 56.46 13 21
QV156847619HB 30.61 9 4
ZJ407474155XN 71.50 1 1
JJ692780107CF 71.29 20 8
VA209833047JI 28.56 5 6
KK110891489LS 55.35 2 2
PU810583865HN 42.29 3 1
YA137223086LL 71.40 19 7
QQ383980479FL 42.70 1 1
UR245980685BO 22.13 5 3
TQ911050750CS 68.17 5 5
XB429999425AN 90.34 17 9
OT896998584UY 38.65 11 3
RX427928298YP 91.37 13 4
CF320782941TC 52.30 1 1
KB884941736DA 100.29 6 2
AL309450164DS 71.58 7 3
PY337225516WW 21.79 3 1
US132778855QM 29.31 1 1
BS623466162OB 20.77 19 6
HX854544758TR 85.95 4 2
AI414843313BE 96.70 1 1
PM151909654EH 25.23 2 1
YE155487902ON 67.86 2 1
FQ955321853IO 28.00 2 1
ML412831821IC 40.17 12 3
OX548023628JJ 26.48 17 6
QR541613886QQ 58.59 16 7
KC166156462EO 81.21 4 6
EG014798288PK 97.77 3 1
DX291611427ND 98.53 4 2
HS830869968XK 90.04 3 2
CL868667019DF 73.37 4 1
PO818700044HH 92.28 5 2
JM676509672BJ 52.61 5 2
GS970521301QL 60.22 7 2
MM700927534FP 50.76 15 4
UE074373320JE 40.64 1 1
HN363980068MG 91.30 9 15
JV051384846BC 94.25 2 1
VI252046563XB 42.46 5 3
HM494067930JP 40.13 2 1
ED235721107VS 67.45 18 7
OL889954692ZM 79.66 3 2
JN319260018TI 64.56 1 1
IQ203400660NE 38.24 2 1
VD592404179GO 88.62 7 2
US802053090TZ 88.32 5 2
KO199095424AC 42.64 5 2
KY396443495ND 79.77 16 5
TP257677435BV 56.30 11 4
VZ370827426SI 30.77 5 2
UP154805322UI 68.63 5 2
AX201829794TH 83.62 6 7
KS428841496KE 23.99 1 1
JN281606225GX 28.00 20 9
TP114020411JW 32.43 5 6
KW045706323UD 49.56 1 1
WW133467691MX 55.57 4 2
JI083518374LN 63.49 4 1
YK226411909BK 96.58 18 5
BQ143503015MA 50.27 4 2
XN849843529SR 97.75 3 1
HX580387776JM 29.67 16 20
ZF285382452FK 81.52 2 1
QM156930205QG 29.63 15 6
UF504032856CZ 63.22 1 1
ID133851904JD 53.98 4 1
DD598379810IS 82.83 15 22
TP125549522VL 40.48 5 4
GX862864319NF 43.34 5 2
WP346593886UQ 46.75 12 4
LK603725288KQ 99.77 15 11
QW982720499OZ 72.50 5 2
SO879819585XM 58.13 7 4
YM050959556TM 57.74 3 6
FE467981716BR 72.53 6 2
GS455088341GJ 90.89 2 1
HL100751592LS 71.81 10 4
HE942072484XC 87.56 1 1
KB056363582VH 59.33 3 1
MH967545504HJ 29.94 6 2
FO646017565JI 27.88 4 1
HJ280871235UM 95.70 2 2
OA521017722GR 54.30 1 1
SC156994599YZ 26.13 6 8
MZ135556150OD 72.91 4 2
GJ358267091BP 68.86 17 4
LT061058567JP 78.94 14 4
LB152467155BC 72.49 3 1
XA068823763MX 86.67 2 1
TY623343454ZH 63.63 4 2
ZN876117093NY 83.91 10 5
CD068475124SB 92.94 2 1
RC913426965SU 66.39 17 14
GB610087445XC 78.60 5 3
FT187862876AO 61.29 5 6
PM994670475HY 72.86 16 4
CS041608322YV 74.34 10 8
SK167911601DK 91.87 19 5
UP907360325WT 49.02 5 4
GV249477457IU 31.93 9 2
KY316052791HC 98.51 6 3
FM035731176PP 45.99 15 7
GQ245376209BR 54.27 4 3
KS645517033SP 67.24 11 3
QJ804777960GL 92.30 2 2
JQ773076241UQ 75.00 2 2
PI126368568KO 55.64 5 2
KX585873799KJ 38.30 2 1
ZG681627363ZZ 63.19 5 2
WW275190418IA 41.95 1 2
TA709084197NB 81.57 14 19
PA796816986FU 90.74 5 5
MM105014806NN 73.29 15 11
DH564282540XB 34.05 5 7
JI932560875KN 100.35 15 5
EE400411396KN 60.64 11 3
VG959674837IY 76.45 8 2
PV962593656AO 97.72 20 6
RE811506652UW 59.21 15 10
WH080607242PI 89.65 5 6
LT518913746XN 22.74 3 1
MW322872630HA 23.79 5 2
US077988840HJ 67.85 16 7
QJ206382071NS 58.92 2 1
AH964237313SR 89.09 1 1
KA917204623HX 53.18 5 4
JS107580586PX 43.28 3 1
JM372648955QP 34.35 19 5
CK354922721RM 74.55 3 1
MI913423894IT 30.49 12 3
FB756828193NE 60.01 5 2
CT072435842ZM 41.82 2 1
UM019462194KY 29.77 2 2
IX501911841BM 100.15 1 1
JM965312588ZG 89.14 4 1
CV741897776HE 47.95 5 7
WL257347484TK 48.24 4 3
PG523119366RK 44.30 5 4
KY709115260RZ 47.41 18 5
WG658386189HV 58.94 3 1
CT227472903WD 51.32 13 4
NG800069526NL 69.34 7 3
XH567865581FY 64.51 17 5
AQ364115776LG 76.94 6 2
QP037159560GC 97.62 2 1
GJ476348604UB 39.77 1 1
HQ659653790LC 64.65 3 2
KR283868262HB 82.20 12 4
GU295466413VX 98.66 2 1
VI938403804JR 94.01 16 12
TC437764247MP 21.38 2 2
HY114788493LB 49.25 13 4
ZN941729506PY 88.11 13 9
SQ729346810UA 100.97 4 2
TY082672703DM 95.79 5 4
CS601998164FZ 48.61 18 9
XR927237327ZC 97.39 9 3
AR139747676JS 68.74 4 8
FE306089072OA 55.43 8 4
GL182866401EK 35.56 2 3
MA406628272TW 73.56 4 3
JT651706566ZV 98.90 3 2
FL659069542EI 54.21 6 3
VT022643361CU 91.23 3 2
VC385809410XR 71.91 5 4
CA074198830EF 88.44 4 8
PP156324052WA 35.90 7 6
QZ448786039UM 74.81 1 1
EV435675408YU 23.74 5 2
EG023187107GY 38.08 5 2
GY084990433ZD 22.13 4 2
VK658530418DK 32.25 14 6
QQ347994454EV 30.71 10 4
QM230048517KU 78.20 4 2
IF310035847JA 85.79 19 5
MI053737753IA 31.65 3 1
GE562290588IG 30.26 2 1
RK965490468WY 73.94 2 1
XN905047139HT 44.11 3 2
VA955951704FN 52.22 12 12
AO771676782PD 47.83 17 10
DG388731655QJ 24.74 3 4
EO367736185BX 29.51 1 2
IM484061003JD 95.36 5 6
IO193842586IH 30.48 3 1
YX764051432TW 90.82 8 3
UX975577483BG 27.66 8 2
AA688860082PP 29.68 5 2
RO372606598UR 43.88 2 1
FD999304010NH 96.29 2 2
CK935878150UW 44.94 5 6
OV092249659QA 46.64 1 1
FB985931976SW 39.21 14 8
DT336354092JW 52.72 5 2
PH220844561GG 42.32 4 1
GL530983805EQ 72.91 6 3
DB085107125CJ 32.75 9 4
TA973667491TF 32.07 11 9
WD279732690BV 50.73 3 1
UV504909574AX 22.69 2 1
IJ394321579IA 27.79 10 3
ER704326611PV 94.72 4 4
GL154292788PR 92.52 17 7
QM527617041DG 75.02 17 5
GV365311853AU 85.89 4 2
AH581767803DN 93.22 15 7
SF188413624VQ 61.98 2 1
JJ937409836CV 97.15 1 1
YG980300684VY 73.38 12 4
FZ668261127IU 46.06 7 3
WA821533414XL 92.91 3 1
IG338218497VZ 52.65 9 2
GJ973562771SP 38.62 19 4
SX030967515NC 72.62 7 2
DD940101635LR 94.78 3 2
NB668378120JZ 73.30 20 5
ER686454044RF 58.26 3 2
LB585775284BF 22.14 2 2
HA758163826UR 32.36 2 1
HB659204065XJ 89.61 5 10
NT489008664FQ 37.36 5 4
HW113702019SS 21.45 5 7
DT573263952CC 76.14 9 4
TP030935795GW 93.51 6 3
TK057431775VV 93.62 12 17
OL258796609TP 100.45 3 1
XR624371420JV 54.28 9 9
MH448487156XK 33.30 4 2
ZC094213194PW 48.16 3 1
UH393145465LD 85.20 1 2
XH800290785BE 26.34 1 1
TX486951876KS 55.09 19 36
QV243710270XN 63.59 4 5
LR096890304BZ 39.57 3 1
KM259444038DC 56.34 4 2
UD349032328IV 51.84 12 5
KC069892766RP 73.46 14 6
ES971916257NR 40.37 5 3
FR167736612TK 34.36 9 13
ZE535466865PR 67.78 1 1
PN546836716JI 91.45 3 3
KQ904791109AT 88.61 2 1
VQ628470158TC 53.04 3 1
GH201361076JV 94.50 4 1
EC827877037AQ 69.26 4 6
ZR249876972SD 22.07 12 10
KO498134414CD 56.41 4 3
OJ970120498TR 57.64 10 3
QR876291109JJ 35.76 5 2
FC805813772KL 98.71 11 3
HX135080764KQ 77.48 3 5
TB923314024UC 46.11 1 1
WU126643840QU 44.55 9 16
LJ393966490LY 20.97 4 1
AM169389853WC 79.01 5 2
QV567737339OD 55.06 3 2
HL755061292FM 100.81 1 1
ME967188060CU 26.59 3 1
RC550900314MX 31.50 3 1
WM749963666EM 90.71 4 4
ZW310953876SM 90.27 8 5
IT121944072EU 55.76 3 1
ZH476222397IB 25.39 3 1
DK719192270DI 34.26 16 8
OD790537037AY 47.90 16 4
SY387555529YD 42.65 1 1
RH224922747ML 40.64 1 1
YX935872428AJ 91.53 5 2
OY312279710SJ 94.53 3 5
AC294114367DT 38.37 2 2
IL814139095YN 54.74 6 2
PI500499469IR 57.11 5 2
KH588038272NG 45.17 3 1
GC664761278KD 31.66 1 1
CM258608386QV 37.40 2 1
XJ784869529KX 76.23 20 13
OL159907925MR 55.75 11 4
IN919048674HG 66.69 2 1
TL944445593BP 28.70 2 1
YN294686290SG 81.39 14 5
QA055406436TR 43.25 11 10
QO600662363QD 98.70 2 1
GD422199448WU 92.86 3 2
EZ033697701OS 44.85 6 2
JW897853547KG 73.19 15 5
LN083363216VY 48.77 1 1
NY968601516TK 59.63 14 9
FM035888360IO 58.23 18 9
IR281077706LF 45.59 2 3
HN427530864QV 31.77 5 2
GC844493304KG 43.16 17 27
QN587166840YA 41.68 2 1
WM020568041CM 65.69 15 19
RG570715409VT 67.07 3 2
KQ855933130PX 22.57 11 10
UA528487474GB 77.65 11 14
OR554788566NK 94.17 20 16
NJ604163438SJ 56.73 3 1
SV879685386OR 34.91 4 2
TK195913645NU 71.72 5 2
JX661288512NO 93.11 1 1
RD150966883NZ 20.98 9 3
LC155641573AP 41.51 16 22
OK806158933LE 78.67 7 2
YW513890211AC 53.90 5 5
HB645273743JC 96.91 4 1
IM653078390RF 92.47 3 2
QM774143277FJ 51.68 5 3
DL354624412AB 28.56 2 1
UL802567468BZ 99.94 1 1
HJ551918303CB 48.91 3 1
KW226055220JR 20.27 2 2
XA820465596DA 71.49 13 3
CO318301771FV 25.27 5 6
AA291095683NW 91.83 19 7
WJ414794764HK 64.03 3 1
RI199485514QG 42.47 19 4
BP769395126ZW 68.09 17 6
VT310937029OP 46.85 18 5
ID201012121JN 54.28 4 2
YJ085920095AN 45.97 2 1
FH223426325NV 46.86 20 5
BJ576373943DD 41.18 3 5
XL065591276BW 90.26 2 2
LO707272771QI 29.57 4 2
DJ594287543QG 95.71 19 5
WR212372063EN 22.13 19 10
OW465965577NV 24.10 2 1
BJ779030089UY 28.51 12 3
CU313171170AK 91.67 4 2
VW917845059LF 43.61 3 1
VI801873464NL 29.67 16 16
JP156139867HZ 77.21 3 2
AE863558023VF 93.58 2 1
LR726791413ZA 23.70 10 4
TS328917020WE 96.08 3 2
PL718046562KF 23.34 1 1
UJ203284864TA 93.44 9 2
EA027300159PC 74.42 6 3
FI276641993XX 56.63 10 7
JG589619633XR 23.67 2 3
XE785018972FH 51.75 2 1
JY318809103SI 34.20 4 2
HQ643075423FA 68.32 8 4
EM130476909CJ 44.78 4 4
EU120417350GH 43.74 3 6
HF427564950YZ 98.96 3 1
AN511668007OH 72.35 4 3
BU807800884WD 79.48 2 1
OK734513689XW 93.93 3 1
JB293822329ZT 55.05 5 2
JP537679820WL 73.15 7 2
WA536449810GI 90.06 4 4
DA532549899GA 29.15 5 7
MK121393053PK 100.15 15 4
UQ129012380LH 91.59 3 2
XU803153113RZ 96.35 1 1
DV701902517GC 76.50 5 2
RG983268112TA 29.24 17 5
QS025761373SC 87.60 12 3
NX598727194TG 54.41 8 3
BR818313638JI 93.96 18 31
CF350807917CS 66.05 2 4
NX930720583AR 59.58 12 10
AT799559011OR 34.15 15 4
NE715272972EC 23.40 13 8
AY241328394RU 42.42 3 2
DU199357653ZA 49.51 5 2
NO076644780UN 50.72 4 5
AW121630360NM 83.24 1 1
UV668667808YZ 34.82 5 2
CS686877419JB 100.11 5 4
UY082877094DH 97.17 4 2
KO207223035AS 78.66 2 4
LD774342215KD 66.18 3 1
XK139895553ZB 46.66 4 2
UA306033234EL 23.80 2 1
IB608936023YZ 34.72 5 3
WB342804628HJ 59.62 12 10
DI932237577XQ 64.38 5 3
RN799593014FU 85.58 4 2
JJ073761754YE 95.69 3 1
EQ130806384EB 33.27 19 7
QZ366086891TL 77.74 1 1
ZT441882685CG 71.41 3 1
EM541698451OD 32.87 1 2
KB323934540XG 100.51 3 1
WF247480666RF 48.89 10 16
TO089273804AI 60.54 7 4
JL395234746QO 32.29 11 3
LO320745202YZ 89.09 5 8
XD003964155VP 20.53 3 1
QD929345866GC 29.74 14 5
SF555062123TM 73.32 1 1
AD907740605NG 37.48 2 1
EQ896142471RV 88.10 1 1
LO070582660SM 77.76 6 4
VB710123625OA 21.74 1 1
ZD170114906QL 78.71 5 3
BG740583147DY 94.92 2 2
GI858633177LH 88.93 5 2
VH991683527AB 98.50 5 5
CI351014565KG 58.23 10 4
AN054991218DL 96.88 4 7
BV647110363PV 72.98 2 1
MK564405602MX 32.07 4 1
WE943216811DE 52.43 1 2
TJ365527624LN 23.48 5 2
MG903219973GW 94.02 4 4
MX825364864PZ 91.19 5 3
KW439796935OL 90.39 19 16
SS080679489HL 93.58 4 7
YK733318724PO 26.30 4 4
IW211384783LI 53.47 5 3
AA390771291NR 59.89 2 1
PV880170077VS 67.01 18 11
ZE459643650RQ 34.90 2 1
IL026876001BS 100.02 2 1
CP841931049YK 87.53 15 5
PT794008548IW 56.04 14 5
TB081929358BO 78.00 2 1
HZ623713470HW 69.54 3 2
VN786774501XA 56.04 18 5
MO189355301WB 79.72 3 3
UX597845790DD 48.83 5 2
SI098497134IQ 37.67 8 3
TB052261794NW 32.97 5 4
NU744148149WS 76.63 6 9
FN923319316AG 28.65 1 1
EI916014877IN 98.47 17 31
SB252003072LO 39.99 5 2
NM293950354HX 32.62 3 2
YU041219510GK 32.28 9 4
HM345752604GL 36.42 17 5
BV456675755PS 49.49 18 5
UN989564301XX 39.02 3 1
BO621141834EA 24.59 16 7
MA496760989ZF 73.93 12 14
LZ819539440TG 96.27 4 1
JF691763492WE 64.61 3 1
YK167193794WV 63.53 3 1
GE870256863DB 91.21 6 3
SD256881114WY 27.86 4 2
HE517088892VW 70.80 2 1
IG757316084JG 34.06 4 2
KM328770884IQ 33.40 4 1
DF773451133EM 81.78 14 8
KI088443267MS 34.61 5 3
LZ734252155QQ 23.65 4 1
JI631317044YY 22.85 8 3
MM189825772VN 90.40 4 1
HA036479849FP 77.31 8 3
IW835096596KC 66.56 7 2
QH177242888XZ 32.71 5 2
QI759311695IO 71.27 10 6
SJ883634256CS 91.12 1 1
TN556180556IY 85.19 5 2
TZ114738562PI 91.10 5 2
II954718330TI 62.54 2 2
JS964374694NW 24.13 7 2
KB518686748WF 49.17 1 1
AB876226657EB 51.44 2 2
WK161166231HX 46.44 5 2
BX758563226PM 29.87 5 3
GH724801248RJ 91.18 10 5
AP243057737ZT 84.00 1 1
DS656794279ZS 66.78 6 9
PT100823726FH 27.19 9 3
RV275173676JT 41.80 5 2
KE697474362TK 38.95 20 7
FG559210234YW 92.19 4 2
SL293580256LR 61.13 16 4
BW570216028ES 23.75 3 3
AR103928751DW 53.31 8 7
EX901910763UJ 26.72 8 14
KR573923543FH 64.62 4 2
IT585843163XB 20.84 6 2
CR371801422AI 39.01 3 3
MT355721272NK 83.41 5 4
YK524760294KX 21.53 18 5
WY243609031ZL 83.11 4 4
OL820297020EP 29.52 18 15
PV852979882BK 22.44 3 2
RG421486906ID 48.27 6 4
NK276515052TU 29.28 1 1
KV795594984YD 90.08 15 6
JN117309703YV 62.88 3 1
CK035636718BG 30.31 1 1
PP923265744UU 70.53 15 4
AR679769670TT 37.42 16 5
QU200662794LX 84.68 2 1
NM837125663EO 40.74 5 4
RM942553053LL 90.11 5 7
KK859135593TH 43.44 19 6
QL149776913VE 63.68 10 4
TM211728865SU 61.30 1 2
VC567841043BZ 84.71 4 1
IA149815913YK 36.60 6 4
BR989592211MZ 81.44 15 5
UB374836165AY 44.87 5 2
YU065180859YM 38.33 1 1
EQ556074542DQ 85.51 2 3
BJ736849574SB 83.53 4 2
BS606896410RD 60.19 5 2
MF620347192RF 60.49 10 13
HS451539047DL 69.24 2 1
JC644037938CF 47.89 3 1
WJ131945315HS 67.13 3 2
LE461272167UA 54.83 4 3
LZ222732569DK 85.27 2 3
ZN041000060PR 37.54 2 1
EW912006087FM 52.22 2 1
RB417462509CH 73.84 19 6
TM548437658SD 82.95 3 2
JW460560001IX 76.79 1 1
QN661622788PY 77.59 1 1
KQ259550946KS 58.37 2 1
FE166189478YV 87.23 16 11
CX609423216SO 70.46 20 23
CN607478624OY 27.93 5 2
EQ000680165MJ 73.04 4 2
TG124500036CN 89.43 11 3
PY583236376II 70.71 14 25
TD838476925ZF 26.30 2 2
QC913525939YU 60.58 1 1
LE449296593AE 80.55 1 1
JJ602552931OB 53.88 3 2
SH653139405LN 56.48 18 5
YI331693499CZ 78.89 19 7
OR222743620QN 46.56 5 3
CS109268357NA 45.70 1 1
ZQ528723383EW 90.22 2 1
XB487277783JK 75.35 5 2
ZI195713665EO 41.99 5 2
SA586877955HJ 20.86 5 4
LL601323419ZM 53.73 15 10
MH934647824QT 44.35 20 13
JJ113283228UA 22.70 18 6
HK436832786XU 73.70 16 5
EZ849775192RR 38.93 4 1
LW357143743YM 62.61 14 5
PU099505434RO 45.46 5 3
RT809341082UV 22.54 3 1
EC175542722OJ 77.81 2 2
XE222665821GI 34.23 9 6
XP241639247KL 100.12 3 1
EI263571123LQ 22.10 5 2
LD376073805DV 53.11 3 2
VZ803138367JI 81.09 1 1
FF019648280EA 74.76 10 4
ZM182884197TG 71.48 5 2
GY888033117CW 65.21 14 11
KP872708017UB 90.56 15 7
IH038982490SA 44.15 11 3
WF820783164BT 37.60 5 2
RY213539494UR 33.59 3 2
JA688314339FF 88.81 1 2
UV662093001WQ 84.46 13 4
HL094067804EE 94.54 14 7
QI245581541JL 44.06 1 1
DO946343485MH 21.16 2 3
EV459802764PI 69.75 4 2
YM958679852NN 93.30 8 5
BT243831796HB 64.93 2 3
CV310561869PZ 86.93 5 2
DM013840776HA 46.10 3 2
HY498347099TS 42.55 18 4
EX166039142JV 74.15 3 1
NP298328676TK 47.89 20 9
US652101475RK 37.08 20 7
CR768359063BC 68.84 5 5
JO003797391QV 28.61 3 1
CF803189024CW 78.90 5 2
VO289689993PR 39.44 19 9
DW938382207CC 22.54 5 9
AV561052413EQ 80.18 17 8
IS072938091JR 44.32 8 3
FK795316997JN 94.73 2 1
RC615721763IW 75.77 16 6
QO069078438FH 72.01 1 1
BI940504376BI 76.43 17 7
EQ303374281QL 62.66 5 2
RV396120477GM 60.64 7 6
LJ162501599QW 96.01 2 3
PE017770028CN 98.88 16 11
IQ559497122VY 46.09 3 5
FM912783888UO 22.08 15 7
NL658040062OR 74.32 5 2
RQ214096995RE 55.90 2 4
FC078293545QY 60.86 1 1
JX983731656ES 52.66 11 14
VL885608694SC 32.50 2 1
UO684400778BW 83.81 1 1
GS671355671OY 97.86 17 7
JS231127232AY 24.85 14 4
RD408503884SB 82.35 3 1
GR610054425WH 26.09 9 13
CC201614689YE 94.05 20 8
QQ291772869KF 53.73 6 3
WK024131985SG 97.99 5 5
KY486513843TQ 28.82 19 24
PJ936754945WC 43.38 2 1
NR753195117HX 46.23 15 11
YR570376157XZ 86.37 1 2
XZ802783214QK 66.96 18 7
OO237136625KS 51.39 3 2
EZ888392953FX 33.73 2 1
RC950657343AT 28.39 4 1
AJ326679404OB 48.24 1 1
BL481902110DC 42.80 9 3
SV788363738ZQ 65.15 3 1
HJ186399716MV 34.93 5 6
GF510502978MA 53.89 15 4
WQ639311379GE 51.02 2 1
LR948786597UV 93.58 1 1
UI005246583KF 81.53 4 1
TL893510993WG 23.94 1 2
ZS807344278BP 43.60 5 2
MZ534915986BY 33.99 6 2
HS255204633QC 77.66 10 12
TN925555845CL 97.98 2 2
QC061560542BR 31.48 16 4
AI020745741HO 50.82 14 9
TJ550769465RB 90.71 5 4
SG953213355EM 85.20 5 2
VJ923674817SX 47.52 4 2
PQ021771279PX 30.93 5 7
GW347064899NG 65.57 3 1
KH108147897PZ 31.43 1 2
HJ910848815XN 58.32 5 5
JG239207867YZ 83.49 6 5
HV090723176QU 37.88 3 2
CD543474785QI 87.02 8 4
RU835497771EF 81.74 2 1
HJ282722544ER 83.80 7 7
NR427896831YW 34.28 3 1
XG481012511WV 50.41 1 1
PX734087283GO 37.18 3 1
OA312653298ZD 73.74 6 2
OP027367273KA 25.42 16 5
AK957009469LT 32.83 5 9
PT078518762YQ 21.80 19 8
OG106236285VP 77.48 4 2
SV677190804EC 65.00 1 1
RP604275278AD 50.74 2 2
GX347749762ZH 24.43 9 13
VN408225082AM 59.74 1 1
ZW128523757RU 22.18 15 6
SV547839995QO 76.98 3 2
NM281185685YH 51.41 5 8
QV058720724WZ 80.08 3 4
RF758587413AM 84.37 1 1
KV602223109SS 90.46 19 5
DI314606691OD 97.43 13 5
ZG900803765GQ 48.36 4 4
EP927264801EH 47.72 19 5
PI861503771ED 63.00 5 3
JK338687626MJ 63.72 18 6
QY993044747SV 75.22 1 1
SN008605341UU 68.94 1 1
HF463126574QB 58.98 4 1
VI124414071BB 24.94 15 4
IV510131913NR 35.39 5 2
XW099366609GN 24.97 2 1
XU903495808PS 78.91 5 2
DX778729498DL 72.93 4 5
YH340348356SG 99.17 1 1
FV598327277AC 54.42 1 1
PA201020796IF 95.71 3 2
HZ992920242YQ 41.28 2 1
WB214061393NZ 36.42 7 3
SK768118210ZL 88.18 1 1
NL421804027YX 65.46 1 1
OD216462859QI 89.77 2 1
CP556275644IA 50.31 2 2
ZC189147032PE 81.47 2 1
TH013593828QA 85.70 5 2
CW787121812HC 64.18 3 1
DF791553589JE 95.19 2 2
PY071367173MU 82.27 19 5
LM420588177TE 28.89 1 1
EI951253753UK 78.86 9 12
SO698386295ZX 71.91 2 1
YS807123985BQ 64.42 13 4
FA899490300GJ 69.64 18 4
QT657165509LQ 81.80 1 1
JD209426989ER 56.63 1 1
JZ709892795LV 40.38 13 3
ZR617771312XR 96.62 3 1
FR828319514DJ 53.48 5 2
QU997355190MP 54.99 7 7
QF715438217RF 84.77 20 5
SO273477970TB 90.65 11 6
OT027736439PE 25.95 5 2
WJ890017764IY 25.51 10 7
VE737859525LH 70.32 10 3
UE238838578GV 66.10 13 15
IF990703439ZQ 77.85 4 1
TM381148645FG 40.84 2 2
BX096936689UY 34.40 3 3
HA072747813HV 21.05 3 1
OS841915312LN 93.85 16 5
MV428946993HO 74.99 19 15
ZT749214769AC 66.18 3 1
UH410803023SW 52.06 18 5
UP153249524KC 96.26 6 2
TU954530296HU 38.42 11 3
FE760112977RJ 66.95 6 3
WZ166815262SI 83.80 3 4
FR562290747MJ 63.65 3 2
LY716160784AR 41.87 5 2
YT273989038VX 36.19 2 1
AO871292590DL 54.54 5 2
YS821611307KM 44.34 12 8
RA195146289MP 22.70 3 2
KA603421180QW 44.65 20 6
HZ979018636XQ 41.06 8 2
RD229519181QC 87.95 14 6
SC421179636RY 28.64 1 1
IJ591853625JS 27.59 20 5
XA316062521TC 22.78 4 4
JT597207312QX 38.38 6 4
WV960230245OL 38.08 3 1
AL792977687JI 60.49 17 30
CB123641645VW 76.64 18 6
UV589485071CE 49.56 8 8
HR234088249DQ 21.36 10 3
DD166424585AW 21.89 3 1
EH583647706HO 53.26 1 1
RW703505911ZV 76.48 5 4
HS183871240GT 67.96 3 3
FP850247244MW 46.63 1 1
UJ929160848LO 41.04 5 3
CH449878328OO 21.93 3 1
OS426576935CV 44.65 5 2
LR465477628GB 74.60 5 4
WZ394093047GX 29.69 1 1
QI306115339BI 58.60 16 18
AM985668757CJ 39.06 17 7
JH020913031VD 59.94 1 1
ZK964687064ST 88.55 7 4
SL045364505PZ 41.45 2 1
EG920501854IT 94.20 2 1
ZJ181954628TW 82.71 10 4
ER589274891HA 71.42 1 1
EB120924057JX 100.46 1 1
TW373519757MR 64.07 4 2
QK147097774BH 75.91 3 1
DT659352926TI 98.31 2 1
MH735102622RT 92.12 18 8
XA722616840LI 39.62 2 1
HC126415450LV 89.09 1 1
IA052027861TC 86.45 1 1
HZ679962252KZ 21.86 5 3
DC892920788KF 26.61 2 1
VR493992861GL 59.62 4 2
CR773775093PP 38.49 5 3
ZR677736155UH 96.91 3 1
PC201532542IU 75.35 4 3
ZH868522042NP 84.63 5 2
QT812372439RV 75.28 14 4
RT149574921XQ 89.23 2 1
NM989856354YM 79.09 19 13
BT527785435VC 78.97 8 8
AC431996983PZ 44.28 5 3
WX282912883ZQ 30.45 4 3
YB530881588QZ 34.57 12 7
QY397883466UD 34.54 2 1
MB559436803FJ 86.82 4 3
PT499134976ZV 61.76 5 4
VE430092418RU 56.10 19 6
LG497141000SK 73.52 1 1
TH792586183HO 28.45 4 2
GR882022577HO 63.57 1 1
CP892350725TF 60.82 4 1
VA725607398CO 100.74 2 1
VD815645162XT 33.83 5 2
QY535548188DA 50.10 8 3
GR329772704WK 45.00 5 10
YC832816231RF 48.50 14 7
CW632170805EA 42.05 20 12
GW699783811SR 60.54 10 4
YQ940758606PR 77.91 5 3
MG637772534YS 27.06 1 1
NU770659185TF 79.01 1 1
PP121705887ZH 86.75 4 2
FH645117126RZ 25.81 3 3
CZ948993960LN 74.34 20 29
JS183926533UX 75.94 5 3
VU714800374TV 74.33 1 1
HU567018058ZJ 21.45 5 5
IF108539761LR 26.63 5 2
CW057824673PQ 35.39 5 2
BO941058580DA 26.27 5 3
NH198479489LH 26.78 4 3
BK969931314FK 59.16 7 5
CJ423573153WY 41.07 10 6
SC921359011NU 38.50 2 2
PU936212980MU 88.02 1 1
XR501871798UB 28.99 7 2
HI924161007IQ 75.90 1 2
QB429224211AA 54.34 2 1
FU294923947CD 85.29 1 1
MS389666214AA 66.12 2 1
VH149066469XY 38.07 1 1
PI597979215PI 53.00 2 2
GP709915695WM 89.60 7 2
MT803365588XQ 44.64 13 6
GU177637034UU 24.78 3 1
NU609611180BB 86.15 1 1
EL158510792EC 83.30 3 5
ZC286372638AX 31.73 9 3
MD523725646NW 54.61 4 8
FK495491940HT 66.87 17 9
XE997543061XW 53.18 2 1
SK802834528PM 42.36 1 1
BY848118612ZR 20.05 5 2
OY312467841PR 42.75 4 5
RU393760018SB 47.16 3 2
UH860141591KP 70.26 4 2
AW201082657DI 98.78 2 1
BG201568949UW 92.62 2 1
GX084910714LO 90.83 17 5
TI305421573MV 49.35 4 1
ZI427179205CS 81.35 15 5
RH308683168SM 26.10 12 5
LU926485336BH 88.60 2 2
ON173033551NN 64.99 4 1
GL357154775SW 69.31 2 1
DO192249355MB 96.00 4 3
MU177615047FQ 55.57 10 17
QL091766565IH 79.88 13 4
VC550483676OF 36.27 5 2
NA748243749TB 37.77 4 3
AN519110681MV 25.12 2 1
YG394408388YC 20.48 15 5
OF947068386BE 69.72 1 1
CQ636796099QM 33.03 19 7
WC939741487ND 36.49 19 7
KZ325483233KC 72.96 15 4
QA985622539LN 49.64 11 8
LL570036713ZN 88.53 4 2
EU256469805OI 64.25 6 3
LW464055885SP 22.29 1 1
FY478142291HB 73.80 1 1
EX146827330PC 44.13 3 1
KL601790216MZ 25.70 19 8
WT516587513RN 48.76 2 1
QX026676996FJ 79.52 4 1
XR850187340WG 67.61 1 1
SI653250972EK 93.39 10 4
YV933919237AZ 83.74 3 5
BU032552749WX 48.85 5 5
YL000923174BJ 96.15 4 8
WO214391240QP 48.43 1 1
EL902631680HS 28.91 2 1
XS092079026FO 27.56 12 6
EC920950664VB 82.81 15 4
WP560198858VP 86.87 1 1
CV843396402PS 25.74 2 2
CG753721407OO 38.62 3 2
DH404872835IY 70.12 4 4
CB105095835CG 39.33 2 1
AE921693032MB 22.05 2 1
BW553174200XW 34.23 5 4
KS284407364RA 34.67 2 1
PF793943693IN 26.56 16 4
AR077646720ZB 77.28 11 12
XY781268328QV 35.65 2 1
RI120175079EM 51.00 4 2
DQ349306765DX 20.39 7 3
NL678550770QM 91.42 1 1
NY966479483SR 76.71 6 3
QQ203485723LE 100.80 1 1
IO868178285JG 69.86 3 2
QS754050656MR 39.08 2 2
JB994424606SO 63.50 2 1
XU573159162QD 59.13 4 2
OF371173584BL 43.27 17 9
IW030437293UY 27.53 5 6
XK092705475JM 76.27 16 5
RY697916678PO 59.45 3 2
LS400930903IF 50.92 5 2
MG821657724YD 33.04 2 1
XQ748287224PO 51.05 1 1
UW687208244DT 86.54 8 9
EZ049674946QT 92.60 1 1
KJ661022164GW 54.65 19 5
RX884767467HO 51.26 4 2
IK258631503FO 93.29 19 14
AG287291453EQ 38.27 5 10
HB809273468RV 73.07 1 1
OT726261137HP 71.34 3 2
DA908792286KN 47.44 4 2
NY102985326WA 57.10 3 1
MX289836671YB 98.93 1 1
GG253031238EO 97.47 10 6
XY335604655RG 77.77 6 9
UQ316150638FK 33.69 8 6
IR000692590ED 34.33 3 1
AH360174183CA 58.29 5 2
BZ302334181RT 67.68 4 2
PV486940935DC 79.32 12 18
OI364695799JV 29.63 3 1
MB135741791SA 69.14 10 3
ZO543622557OM 33.33 3 6
OM243541214QP 47.72 10 6
XL826842200RY 57.85 15 10
RD348721040GO 38.01 3 1
VX259481348NC 56.74 1 1
VH604826839VT 71.30 5 2
UA294272212LO 22.57 19 6
EI953189509LV 100.35 3 3
MA307895481OJ 55.88 12 3
MF215386951ES 65.72 4 2
GX563865860FJ 87.50 16 5
DE181540682AK 28.75 11 5
LE768719323DN 70.17 16 4
QC064484259GQ 53.18 4 1
LM868190483WV 54.00 5 2
OS105273979UQ 89.01 1 1
HI168409721HA 79.09 5 2
UU258328736TQ 40.09 16 6
AP129210303FG 48.05 10 3
TL304900918IV 79.12 1 1
LK358906077BH 73.50 14 5
AF778712039RJ 52.31 12 4
XN645550786OO 77.27 18 7
BF032991906NE 34.04 10 3
XF121857643KO 60.89 14 5
HK751323281WM 46.61 1 2
HB182406211GK 65.32 4 2
IL696996707OK 95.57 14 8
IV840964718XA 52.78 14 4
OI204008196ED 34.59 5 8
AD792508219VD 87.32 5 2
GK935558549HF 47.22 14 8
MP546614054CY 93.42 5 6
CA850867191MZ 31.90 3 5
NB016480005BE 100.15 3 3
DX202679974ZD 46.58 4 2
WW779261020UX 79.75 5 2
EH990387065CR 55.25 6 3
MD769039183BW 37.28 3 2
KJ849324596QR 89.22 2 1
FG485765264BV 95.10 5 2
OE688243768VQ 20.63 7 8
YS388977974LJ 54.62 1 1
TL558642178DO 46.59 3 1
ZY742481106MG 97.19 1 1
VO154244867BA 55.32 3 5
PF727309826HP 49.45 3 2
FV759537953GP 54.13 5 3
RB193005080HV 67.82 3 1
GB952441199EE 36.23 5 4
FM292484113DT 64.13 2 3
DM920044371LQ 42.31 4 2
CZ250735661GP 66.05 2 1
LK162258189QE 35.29 2 1
PU612965410OE 58.97 2 2
TY776691009ZH 100.67 11 15
YK649697160WD 90.14 12 5
HG434545234XM 96.07 20 5
JG626991535YO 82.74 2 1
SX580994395AG 91.32 4 2
ZV123929780RW 76.58 17 10
CU385025871DX 91.98 2 1
WA394303998HQ 100.79 14 7
KR964354465FT 54.73 2 1
ZJ346186491HS 51.47 2 1
AP549029771KJ 44.23 4 2
SH703009076EM 46.11 18 26
OT285344275SW 90.39 14 15
HZ178859797AI 47.80 16 5
NB126884771XE 73.92 13 5
LU003735451EU 34.39 3 2
IO218620575ZE 96.37 18 11
VE759853977VZ 45.44 9 7
VB426166238EQ 30.30 5 2
AE559486727EE 93.03 14 23
AF781529454IZ 70.40 20 5
RI942781413VE 68.33 1 1
IC529116431BB 63.21 5 2
DZ596051282OM 39.68 1 1
AG862909733QP 62.97 11 3
FH693139230ZH 98.88 2 1
BR917454349ON 37.29 1 1
NK413729201ZC 40.57 6 2
EU036176994CW 35.46 2 3
PM191453847MM 99.48 1 1
SK559945425GI 87.80 3 1
TF701663366HF 40.43 18 14
DF936570088AP 34.32 14 4
UL916751900SR 61.94 14 4
JO432486628XV 37.19 11 3
HL668895033DZ 21.49 13 9
II224214122QN 52.07 13 8
MD262631753LJ 51.22 1 1
JI091518786NW 59.95 18 7
CF138659772WN 40.90 1 1
PJ220896166HU 66.76 4 5
NN342760880FY 21.70 8 4
GI867597078AD 22.64 20 16
FN817029533IN 29.75 2 1
NJ134137693ZQ 87.84 16 20
HG367834608AW 77.61 5 2
QE461939770HO 90.65 3 1
MW822998225FU 52.49 2 3
ES253466533WP 62.89 3 1
ZT033725512EY 85.03 3 1
GS679031921PS 89.66 10 3
FA701175121FY 80.55 11 8
XY780846004YS 65.26 1 1
JT331644091MN 50.00 1 1
BU967449409AV 35.66 11 8
JE133470603NV 55.05 1 1
AN461532897GG 35.20 4 2
MQ652167032PU 23.36 2 1
LA207985919YG 97.94 12 4
UF646826500SY 48.04 3 1
JU821868622TR 34.54 4 2
EH737937171NE 50.84 4 2
RI799022880DM 99.40 11 6
ZW709942503GD 54.30 3 2
BR257417717MZ 49.36 4 2
EO994432049NN 91.78 4 2
CE738691474AB 57.87 4 3
RN517613492GL 20.96 5 2
UL881426392LX 41.64 1 1
RQ757156244CK 86.31 4 2
XD082517678XD 71.59 5 2
EK566048059DY 82.42 5 2
RJ244278378HK 74.51 2 3
BS848958570FX 20.68 15 16
DJ222128350QR 78.42 14 6
EW093307584ZE 65.96 9 5
SK938155500ME 89.13 1 1
SX555269028OH 94.13 11 3
OX819082419PP 70.66 5 2
BG494398343NR 59.37 2 1
NZ034163020SF 23.08 3 4
FS508888777QT 64.31 7 3
NX921181593LC 37.91 3 1
JS069975605DM 94.98 2 2
AV256730761OM 29.52 4 2
WP188694093FJ 20.76 5 3
RC640761911TT 96.65 7 2
MN943256733YJ 29.02 1 1
AX614911367PR 48.50 4 1
QR119506520YT 42.46 7 2
LP225196518VH 51.70 10 3
XD658877235QY 23.97 5 4
DP086035248IP 43.03 5 2
ZC147843023YQ 38.39 6 3
LP543528270LB 24.29 8 13
QE424782691SK 46.23 3 1
OH638821035PF 33.99 4 6
JF810151486DW 54.14 3 2
DI637410308RC 77.60 2 1
XI420079742JN 71.95 10 5
PY792580886ID 100.48 4 5
AV079490960QH 31.62 3 1
HY751614024MZ 94.45 4 6
NW701916336PA 41.70 4 5
GF983388955JI 46.97 16 6
BG465248560BT 86.27 7 3
EQ351086768EO 42.46 4 4
XO132383155ZY 49.49 5 6
RD925984067CM 32.54 10 14
DG185905090BM 64.71 4 4
GH237157829HO 74.95 5 6
JI658972586PO 20.86 18 5
QH143223097BY 20.05 2 1
YX855423496KF 64.61 3 1
VN719701760DB 72.12 6 3
TY181706016QR 33.49 14 12
XF299269598IU 100.22 5 2
NG395072996KF 93.36 14 6
CX616735166BX 65.91 8 3
JM063693454FQ 31.41 10 3
UR693366893RX 41.20 5 2
FY605359368NE 53.12 6 2
VD364711910MB 51.98 9 3
ST528596410XU 32.69 2 2
WZ903980595VI 53.35 17 4
HJ318566577JP 57.13 9 4
XM837364915JO 43.56 20 21
PY249284238UZ 35.58 3 1
YX227717281TC 44.81 9 7
HG537458057BT 95.52 5 3
LV913088027SN 97.53 14 4
WM147033060IX 61.32 1 1
QZ503498648HU 89.73 8 2
GZ423692811IQ 60.51 3 2
YP677585047JF 21.18 2 3
JE655964070CW 55.97 5 2
XO214151052XX 98.56 1 1
KP760918201XB 37.85 5 2
CN246475452FF 31.22 3 1
IG300639012QW 21.97 3 2
ZS957488227TX 27.41 1 1
QE503076843JO 65.05 1 1
WQ383220734QF 41.66 5 2
PV878108558LW 33.26 18 5
HL162524981BW 100.19 3 6
LM555627204FL 54.76 10 4
XP706886877JE 75.17 4 3
JI240932428QT 65.55 1 1
KA027995779PO 45.91 11 5
RQ502407459EH 84.77 16 8
GC271303310GX 55.90 14 4
GN183052323EK 50.62 11 13
HN116131752CN 81.32 1 1
SE954436979HH 39.66 5 4
OK659808528KD 81.94 3 2
CE618743618FG 71.62 11 3
DS286227365GW 92.45 7 2
EB800756490AR 30.03 14 9
TP925653608QF 29.85 5 2
IB381674129TT 76.44 20 7
PO394371756XM 73.53 5 2
MG850724378GP 79.98 15 4
YG535479305SW 69.31 3 2
JH786835936OU 24.72 18 4
DQ848694720EZ 61.84 2 1
LZ844664000HZ 24.68 4 2
EX171348903RE 49.26 20 7
GF504725009CW 84.77 3 1
NB923475358EN 98.57 5 7
FP923029001VU 94.20 4 7
QJ012079962SK 60.61 10 7
JA532824248CN 100.59 5 2
GG134536869YY 97.28 2 1
OB633653455PW 83.81 8 4
EE475459739XL 37.52 4 2
QG145684515AJ 97.27 5 2
SW379324557CN 36.08 3 2
OQ853363739WJ 67.02 15 4
JI907700696GJ 21.42 2 2
AG165244174DA 46.71 3 2
ZB174809624IW 44.76 9 5
LN782294438IU 42.61 16 5
JX443884357RK 60.56 4 3
UB748522549QV 68.45 10 3
OX296237715MY 42.17 14 8
WV117179827ZT 23.12 8 3
XE089533204XM 21.40 3 2
KO926657185OL 49.44 1 1
EC922472594NZ 53.71 4 2
IG700461114WT 26.48 19 5
IJ575174105AI 65.07 4 1
YO153550058CA 25.32 4 4
ID150820298XK 99.49 1 1
TU493351494IE 27.74 2 2
KK449529031IG 26.90 6 4
BG718266428EW 74.80 4 6
FL391629629XK 66.25 4 5
GU248076991DZ 60.52 3 2
QY208477143HC 34.78 5 2
CK746099015CX 93.88 5 2
XE684104608XO 91.82 5 2
DY901648750YO 90.86 2 1
LM798748288VC 23.51 3 4
NI369345107VD 57.85 12 4
ZN346176198WS 29.44 5 4
FK061754728CH 59.14 20 24
QT654658427UR 53.86 4 3
NN317394357AP 55.45 17 22
IZ969969131EI 30.47 16 5
NB160898342VK 68.71 20 17
GP104429997GW 28.79 5 2
MK004450060LZ 42.33 4 3
XA840786804ZK 37.87 1 2
UY407444294TE 80.33 1 1
IW468052326WE 74.49 17 7
EO483014273NU 64.67 5 2
HR940738348CW 26.26 13 5
CI405901272IX 56.70 6 5
OU076010688ES 80.80 12 3
FD997142448JU 24.64 1 1
GP181903619IQ 50.33 17 9
UG266184324FM 82.69 5 3
DW655516255UL 61.20 7 7
HK268625212CZ 56.02 3 1
VE613311331MD 36.86 11 7
RM235413654LF 62.83 2 1
ZT222323916VI 20.26 17 18
GF641196652DO 28.62 10 9
DK829739491RR 97.32 5 2
WB272428548QV 63.68 4 2
PZ636929959PQ 46.12 1 2
KI539440722BA 56.30 12 3
OL896967289RJ 35.67 14 6
VD940172774UO 57.87 1 1
LJ390427228QQ 21.11 9 3
JJ789247633EP 62.15 3 2
DQ514574594NC 22.82 20 6
IP006346320NJ 67.35 10 10
CO719324046BE 77.52 1 1
GV751902151AM 91.96 13 5
PA248836865CN 56.19 2 1
NL584843711XH 65.01 4 3
TY610337233QB 62.37 5 3
KV576865276NT 34.25 19 4
WW429726909CW 37.96 8 3
PH833662637MU 69.64 2 1
ZR257151012JM 24.37 3 1
OL201111858BJ 25.46 13 4
OI567083359QZ 34.98 5 3
UF401232697GL 82.70 5 2
DV364391792BC 56.37 5 2
TX279134267BA 56.73 5 2
IE139351027OW 46.94 1 1
TX119967198SX 35.10 19 17
NX277241087MD 34.79 5 5
XS595516228VH 34.46 4 1
QB707782591DR 26.23 5 2
QH743578366TI 99.46 5 4
EJ869118043VW 42.22 2 2
PN627419380GO 60.43 3 1
MC306692526ST 99.27 5 2
OV553897143QV 42.90 4 1
AH059818518BR 39.48 3 1
RQ062561183IY 57.99 5 3
BI927796791KE 33.74 5 2
AU038574175ZH 62.75 5 2
FW125288124XB 45.48 5 2
SN596033200ER 63.36 5 10
SI233616519GB 38.81 5 2
IM304511279CZ 22.01 18 6
WY279111057RS 86.75 7 3
YD395536742CK 92.93 4 3
LE501518179JJ 74.27 5 2
PQ089231868DM 81.98 16 8
DN960139105AG 35.82 1 1
NG506519499CJ 91.05 9 3
HX668162019UC 64.46 8 4
UE416559103RH 81.88 20 7
SM177251513EE 22.83 5 2
NJ809336241OI 29.86 3 2
IG653140394FY 53.85 5 4
ZW566688466LN 77.05 4 6
NL168538108MT 77.78 4 1
IE474007866IP 59.13 3 1
TL273174358XP 33.11 4 2
IS484001241BG 22.24 2 4
NP480333440KL 32.12 5 7
UZ005415160FS 63.32 11 6
HT794735863RF 21.78 4 1
VQ322310953FL 29.14 3 1
KT643118218ZN 82.41 5 4
WR853304453UR 75.15 4 8
WQ967937970HZ 39.30 17 7
BE213599464JT 43.23 3 3
EH970125038IC 87.60 2 1
ZH714101230QO 22.93 17 16
LT096858471EN 96.20 5 2
KW760088117DW 54.42 5 3
FI734057270MB 91.03 5 5
RX366075103KM 39.37 12 4
DH044228851LI 49.26 3 3
QF953556947TX 62.36 1 2
QF013343127DS 92.77 4 3
HF620417595EA 76.47 3 2
EH615373641GG 92.31 20 8
TE160684478ZI 49.84 3 4
ZT517673100KU 100.48 5 3
DR487517567VB 55.10 2 2
PO360366763EP 46.26 3 2
SS246938144OP 52.64 3 1
OD392659530EC 99.45 4 4
TM122866704PV 84.92 1 1
WR548687759QD 20.98 14 6
MM982571213LE 83.04 4 2
BM284183275QI 94.20 2 1
OT884104568LH 93.02 4 3
RI315897618SI 67.07 4 4
PH852803849KI 40.66 18 5
KB122070548WG 56.16 3 1
BJ374258044SI 69.19 19 9
ZJ608430611PP 76.53 4 1
BS712312525QC 80.05 6 2
GS657700057PS 91.37 2 1
DN139655729LU 59.17 3 2
TR563479441AL 85.63 5 2
WF041951127UN 37.28 20 40
TW264449577TN 37.70 18 5
FG527216793QO 37.38 2 1
YD374083483LM 45.94 4 2
HV992396803XS 62.08 1 1
IX724066625NJ 44.08 12 5
LR779201009BO 49.90 13 7
KQ410987862ZN 52.84 8 5
TT732886816HL 35.31 5 7
ZQ110592751UF 31.99 17 4
UC891621955DN 92.05 15 4
GV078351751ZA 69.88 2 1
HL048580655ER 66.83 16 16
KC585674850JN 50.74 9 4
RA795411946KT 98.07 3 2
LU832159696CQ 43.38 3 1
HX597357023FF 36.26 3 1
MH958755940JY 97.57 5 4
WY339926503VC 92.06 18 6
FO228258225TD 47.80 14 9
TH796286450DU 20.96 4 1
CA533280884FJ 32.55 10 5
JZ972116292HZ 77.38 4 1
TS337958527UH 68.92 18 4
KC327705005MB 24.27 5 2
BR657392518RC 84.83 5 2
UT833536826KA 40.99 4 2
SE081031966MF 20.31 1 1
TD256836341UA 52.24 3 1
IB933735466WY 52.30 3 1
AH409843207SN 33.93 5 2
QN301276792ER 96.87 12 4
ZN259236665NP 51.00 4 2
EI021440534CY 79.79 4 1
LQ773448558OX 92.93 10 3
HD752157876DX 27.70 15 10
SY357388631ZF 31.10 5 2
RR408058952LW 83.45 1 1
XU371793811OM 96.15 14 10
IQ436888166CZ 91.94 9 7
BV119257710WT 32.43 5 2
BA174715652FT 30.70 3 2
JO785734389XJ 21.52 5 2
ID480636344KJ 74.05 2 1
DB959000522LP 85.42 1 1
RG184510382XE 36.30 8 3
YD196579296BQ 69.09 5 2
FY860251874FW 74.65 4 1
SB206013338GT 94.55 3 6
TU803513364ZB 23.48 1 1
NR082013282PZ 38.28 12 4
DJ765187682AD 44.13 9 4
CJ807235733PT 35.32 9 5
HE841188936RI 41.95 13 4
MD195442088ZM 33.15 5 4
VF522382750LJ 85.24 19 18
HI589319969KD 96.80 1 1
JJ720972437MN 59.70 3 1
CD054259551SW 49.66 1 1
KB022729432EC 25.34 12 3
DW924246005UJ 57.01 2 1
PS553938775SD 85.78 4 2
UY045564995XR 20.65 4 3
VL906606086WL 96.82 4 1
FK103970724XL 94.68 14 18
IV202905830NY 23.85 12 23
ZM105630535RU 58.48 4 1
RA711072326TD 39.91 4 2
LP702272985JO 54.06 3 5
YJ153949264QO 74.55 5 1
BB079749729BW 20.72 18 6
VR791378241RU 57.42 2 1
HS127249666DU 83.88 4 1
OS005169285WA 42.73 15 6
DA135781197MB 97.68 1 1
QM494196141KA 100.20 11 4
TB124087760LG 81.83 20 8
QV613852981VJ 26.50 19 11
YK381575415VL 57.10 5 4
XO004162682MJ 85.85 18 12
AC323856688VC 69.61 1 1
NY054261534SL 69.01 11 3
KZ321377093GR 47.88 1 1
ZU871294420AZ 72.14 2 4
DT590029506IN 97.26 7 3
QG458579433TB 73.96 13 10
WW746524502JO 38.09 3 1
SL780331329XC 61.71 5 2
NI428649856QB 40.85 1 1
GN917090822UW 53.10 13 10
AI073859022OP 57.07 4 3
NG717941860YT 61.60 8 2
RU594716998SC 96.67 20 5
GV727755454ZB 62.00 1 1
XZ268394489HU 40.70 1 1
TK758161780LH 86.02 11 10
QR673587810PT 53.78 7 5
ZP913160908ZG 100.88 5 2
BE053206406QE 35.19 3 1
DA500532832TG 99.69 5 2
TF857698698CE 51.09 9 8
JH457625644UE 37.91 1 2
RR710506416MA 38.00 4 1
DC616055574ZC 25.59 2 1
OJ804676993VQ 100.53 2 1
JI945325232VS 83.86 10 9
MY997287243PY 65.63 5 4
KN424968523YV 64.82 2 1
SR805451808JX 22.28 2 1
RV521898132WL 52.84 3 3
FV580359467PO 86.26 5 2
FM893210376PD 52.97 4 2
RH857829207JI 39.81 4 2
KF774355941SV 55.47 1 1
PX445177717LS 60.28 14 5
RW202565049HG 59.08 2 2
LE577485680WC 82.36 8 2
WW448578675CT 78.18 2 1
KF231536694UE 62.46 20 8
SY482137631ZV 44.11 11 12
CH875595350KD 87.61 14 21
TA258349254PC 34.20 3 1
VZ398591808QD 68.86 3 1
OF774226747ZW 95.82 1 2
EP317133912NE 41.60 2 2
LG384298935SX 73.01 5 2
SK235663573TC 31.65 16 10
UO058615636LI 25.39 2 2
CH226554916QD 90.09 5 2
RS495069075PA 70.53 13 4
BB622277683JN 65.77 4 5
IM482248474SA 68.09 5 2
SO166435339NK 33.87 1 1
CL928529425GS 25.44 5 2
AU693703699IP 98.93 13 7
GN347805654NU 25.01 3 1
WV909062806FI 29.16 18 5
HV068476303AW 29.42 2 1
DA760376057HI 34.14 15 9
ED113649586FX 84.47 15 7
PN554286058ZA 68.72 2 1
CO792685057AY 79.63 11 4
PG583355971JZ 47.39 7 2
NR038755288UD 53.50 3 2
FF148426731YL 80.93 8 2
DI890719331VH 69.46 5 2
VY074373722EP 71.68 9 4
DL967238093HT 79.15 15 5
ZP491756842ZW 91.14 12 5
GE417783051ET 40.81 4 2
QP115521587KS 52.09 5 2
ZZ364481905WG 72.63 7 2
FK209103991KI 35.39 5 3
CF597031871AN 88.55 2 1
FG748058643RI 64.40 9 4
OO045114768FS 26.42 16 7
FY077327923XL 20.51 4 8
JF337189400HK 79.74 6 10
EF098409641WE 89.86 1 1
WA341365720MT 74.63 2 2
TV197468125NL 62.92 17 5
CY230435665ZO 98.31 4 3
PK898623064CP 70.19 1 1
IO776248071EE 78.94 3 4
CS841474660TJ 51.01 15 5
YU894190248AU 83.51 1 2
MQ660998002SG 44.76 1 1
BX243184290VB 92.82 2 2
LF033533693YQ 70.15 5 2
VN591716238AZ 53.89 9 2
DF839393867NL 81.69 5 3
YZ884742034TM 73.04 19 6
FN801893509NY 89.23 13 4
US128776824UV 20.29 3 5
IF631566319BD 94.43 1 1
KT907556146QV 39.69 3 1
JO787898123WQ 44.71 6 3
XW747548066NB 56.25 5 2
AE554830358RD 79.43 3 1
AX101990056BW 55.43 5 6
ST010045380CA 52.27 1 1
SL946878206AC 27.49 3 2
OA432474440QV 42.98 2 1
HG599339729IN 84.40 13 4
GJ917973552SC 64.45 4 3
YE596650568FU 91.02 12 20
GJ460642719WH 75.50 5 9
OC074086526QY 77.25 9 3
BL864044168YT 67.30 1 1
KD213037190ZJ 40.00 3 1
BU998935251FP 31.54 11 4
GX776763671ZQ 70.67 16 22
WC199442508JR 61.15 1 1
PN710874849UO 86.34 3 1
AL663652209HS 34.11 2 2
TL039934780GW 47.99 1 1
RQ738634067GL 38.91 9 4
FL709773184YZ 51.78 4 3
WR387279500FV 75.74 5 2
VV731356056HD 85.12 20 8
DU186112574XB 53.80 18 4
GE073866585YC 34.28 2 2
FT826510313MG 46.62 13 4
LC125867643EU 100.73 3 1
UZ216552479ZS 56.39 17 5
EG420774727FM 81.92 2 4
VN280332120DX 32.77 7 9
AV490104743BY 55.89 5 5
UJ430679244SE 21.92 3 2
XJ883169857EG 35.92 3 2
EC328952772CX 54.55 5 2
ZG157874298FZ 43.75 5 2
VW843026690FN 45.81 3 2
XF531546295QM 52.10 5 2
BT413422165XJ 87.35 2 1
ZZ446180683BO 54.30 2 1
BI872321195AF 85.31 7 3
XS939425434OU 68.14 2 1
PX925682218XS 49.63 20 9
CK019675814VH 66.17 19 14
KY680550392ON 50.52 1 2
CZ920341811AL 54.97 5 2
GL916401327JQ 87.52 4 1
CZ740855927QJ 70.63 3 2
AJ119065188IG 59.76 4 1
NU402195629NY 83.64 2 1
LG168223884BB 73.51 4 4
GR820804849NU 65.27 3 4
OU967506319EJ 87.69 20 29
XV734836422IE 73.45 10 7
DF082929427BL 80.73 11 7
NN705284255RR 28.92 16 5
YZ449185632QK 78.09 3 5
ZE063693822LZ 71.37 8 3
DX330594386CK 75.28 1 2
DZ719158421EQ 56.71 10 11
XO664299294FP 69.36 15 27
MT789122168BY 77.01 9 4
DP750366230SG 20.80 1 1
HR325395732VP 46.08 1 1
PK851994596ST 62.00 2 3
MX398789269QY 78.60 5 2
MG830643561MV 66.31 5 3
NY892931360US 41.13 12 5
QJ615791311DO 61.76 19 6
OU182122154XS 90.12 4 3
QU315408581YP 38.44 4 2
KY033482638TZ 57.95 1 1
OM308485926ZC 43.31 4 1
MY847972520PN 52.43 11 6
KC960710742UC 33.18 7 2
OJ978125856QF 39.11 19 28
TP665008391PS 52.05 5 2
FR072623953LK 80.89 4 3
TL688796262BH 98.52 10 3
AH070571887IS 93.47 5 3
YK430802244CM 33.57 5 6
IR181867340LV 39.41 7 4
WU804446841SI 63.87 4 1
HR685669998RV 34.85 3 4
LB867123400XI 32.50 17 5
BG762547419LT 37.64 15 7
KZ707899698MX 75.45 2 1
SX689792655MH 44.57 5 2
JO659499945KF 71.28 5 2
ZU158689578GQ 72.74 7 3
WC492018192HY 94.73 5 3
HV326182326VW 55.17 1 1
WX088219568UO 86.43 13 5
AH491311986FE 20.24 19 4
MD108260023YI 77.09 12 6
TI634207347HO 88.75 5 2
KC542068189YZ 34.38 3 2
IL253182554RS 58.72 5 2
JC318471881QZ 34.17 4 1
YS346958798HY 23.95 1 1
LM736019396LI 91.34 17 4
EY857683434UH 53.34 1 1
DG959783240KK 80.22 2 1
ZB575246385YJ 58.11 19 5
AQ429463318UF 47.46 10 5
KL762563473YO 81.92 1 1
IQ755528788HZ 43.20 5 2
VL597177425AH 53.36 1 1
EF195966276RX 29.31 6 2
AB765282147IF 54.93 4 2
MZ604543772CH 90.35 5 2
KN774441590RO 76.62 1 1
TG203658102GH 54.51 4 1
QC933903952LL 60.08 9 7
CP273618720HI 65.51 2 1
WQ019222700JI 92.10 14 6
QA498560371FY 29.79 2 1
MR059253059PP 84.81 1 2
DM463817303CO 30.59 5 3
DU469513159FH 41.91 19 12
JO454775968MY 60.74 2 1
MZ810901314WM 72.88 8 3
XA908708363YA 34.21 4 1
KH470930712WI 55.44 5 2
VR083549084NT 81.08 3 1
TJ164580726AA 71.11 2 3
GV645057035TI 35.90 4 2
QC540386614ND 63.45 1 2
JU756454653SI 88.54 4 2
VF224994949CV 67.19 3 1
BL195669529HX 27.84 3 1
MM323202998UG 63.63 5 3
XP239148882VJ 46.86 4 1
LB380149308SO 62.71 2 1
SV365545109MR 65.31 20 10
RF005168972MI 91.37 12 13
CV913936942SW 72.34 3 2
NM708200297XO 20.84 1 2
WM520708969TS 70.73 16 10
ZV525239102WT 84.90 5 8
CT358284449DJ 62.33 2 1
VW776918633TL 77.07 14 26
CJ177067190AX 48.61 15 9
MN762240230BK 46.82 1 1
BM158199028TA 89.78 2 2
SG303393834KB 21.69 1 1
LQ627631614RS 23.85 5 7
VV657364153AW 36.72 1 1
LP457983165AH 99.69 3 2
IN110694227FT 28.86 16 6
ZQ928607804JA 96.55 2 1
FS280935515YJ 25.40 2 2
EZ921410769ZK 89.81 16 7
DW721400338OF 53.67 2 2
RQ386230958SG 34.54 8 2
CO873738903IN 56.56 1 1
RY501351919CD 83.46 17 8
FL065341627OL 60.54 5 7
JE987079359PR 85.40 3 3
EN881870814DJ 47.17 5 6
KX651508127ZZ 43.64 4 1
KH808507179VS 73.41 5 4
ZM488140002UC 60.85 3 1
CC352348251LF 38.05 8 2
QR893092453CJ 32.05 2 1
TG706817765IS 66.37 9 3
GO487998842SH 81.25 3 3
NJ281746910FX 46.75 4 5
RC288741994FQ 55.48 4 1
CF950075525SV 21.05 3 4
OP771105602LM 93.98 9 3
FF586395266BL 25.32 5 4
RT177581263LI 35.20 12 3
FA332025764FM 35.92 20 8
SR332600526EN 48.08 3 1
YM733395118IV 73.79 4 1
FT428249043MU 61.19 6 4
HE928981702JR 54.06 11 12
IR303940958EJ 73.99 3 4
PA072306383LX 50.26 1 1
LK487239349LV 34.00 2 1
IC016411992FX 42.47 1 1
BZ739702805QT 99.94 3 1
FQ210481559TB 56.22 4 3
AA388143581GA 96.23 1 2
KP640714847ZF 97.61 16 5
EF393613966ML 77.70 4 1
NQ676533466ZA 71.86 16 7
GN379941561OS 20.58 11 6
YN151888850AW 71.41 5 2
YM142400705PQ 39.16 8 10
ZH768965074KX 82.76 2 4
TF863651418HJ 86.92 5 2
AS829426909EU 21.25 1 1
SB904097828GB 83.26 19 11
FS336356214HX 63.70 10 5
JX637674651EG 67.78 3 1
AX426127240NV 20.98 19 5
YP932054560EA 75.35 4 6
YR341515107VV 54.91 17 18
BO064098069NK 41.12 20 5
QD313050369IL 68.50 3 2
LS465617964DW 72.80 2 1
BN541584688VM 85.24 5 2
VB069453872YU 80.39 20 11
BK534509640QN 64.99 10 4
ZJ328503603VY 95.79 14 6
GN732719429NQ 72.16 2 1
UN089333355AH 30.13 5 3
PV739601098PM 94.26 9 9
XE049542772JH 45.29 2 1
KW209295153NW 84.55 1 1
CQ874211525TO 88.82 14 6
ZN924457132DP 99.80 3 2
OV787231950EP 60.05 16 4
CG973113513HH 69.64 18 8
WH718797877FN 37.13 2 1
JC467786624ME 67.05 18 9
KN326055603KH 26.14 3 1
WY815353908XR 94.68 5 2
TR971473828MS 98.23 2 1
FJ313308589NS 58.42 20 20
XH871997443EY 29.11 13 3
EY490304549PC 29.72 1 1
ZE231557289QA 26.92 14 12
OV020970710QE 78.41 3 4
XT383228651BV 26.18 2 1
XE019355583YI 82.55 16 4
MR908230122PY 64.53 19 12
QA012637717IK 29.39 3 2
HL089412975CE 89.90 5 2
UP192076299AP 53.13 16 19
JE565249544LX 45.72 9 4
ZN374533366QX 47.69 9 3
YU871282834CI 36.52 4 1
QJ220821230IG 59.86 19 4
EW121693717GT 44.39 2 2
GC329343523VO 62.86 1 1
TH392071963TG 61.37 1 2
QT013595359RY 38.06 16 5
DA395803176CL 25.49 1 1
TS061936013LJ 40.30 13 5
RC085690000DH 83.22 2 1
HG175718214MW 26.14 13 5
QZ169337673ZH 26.81 1 1
JP672350418WQ 29.65 3 2
DJ467952198NZ 61.94 16 7
NL830803459EA 82.46 4 2
PW713542198LV 33.92 2 2
WX710895955PQ 70.53 5 3
ZE963711739CE 64.93 4 1
WC875666303VS 61.63 3 1
NY064164813DE 89.67 4 1
NH847477407RX 86.14 9 4
UK611907172NH 91.76 2 1
AY301062824GK 95.82 10 12
HN208728288GS 70.72 13 13
DA894218058WK 35.71 9 3
DQ063009440SS 71.25 3 5
AP040860804LY 34.33 5 6
YA702924274UJ 32.91 20 8
ZP529031065EH 77.00 2 3
OG963334267DQ 32.76 4 2
LU974719832QO 32.16 3 2
UL662534609LQ 86.99 9 3
UA573991570CA 48.15 4 2
WP389507218MH 55.86 5 2
MB324602379UP 59.35 5 2
ZF313202987BA 24.62 2 1
EM875734819YB 30.79 3 2
ZQ744695013KL 85.06 2 2
RJ852930051KD 67.46 1 1
PT794063920XS 87.37 10 4
AM185207865YF 78.51 5 2
TW006383272DU 38.18 5 5
MN230039477EI 93.92 5 2
WH264642644RN 89.59 9 8
GV006913832HQ 38.86 1 1
AG432904810GE 75.39 1 1
SR127391970XN 67.28 6 4
YS841066860PA 36.32 2 3
YT394503187HL 77.21 4 1
WW024118565UL 65.51 15 19
LD995800432MJ 23.10 19 4
NS500147860HM 26.62 15 5
YG005445247ET 96.08 7 5
EF685839776MP 67.58 5 2
LM973612809SK 90.35 4 2
KZ141020201JU 37.73 12 4
XK136047013II 61.83 5 2
BK820999748YD 86.39 14 4
WN289885042WK 32.56 13 20
EB909822416XN 43.31 4 1
NA718198379NW 49.04 5 2
NE810771284RM 64.89 5 2
AT848958126ZA 44.96 3 2
HU974356165NM 97.44 5 2
DT379147605PC 49.09 5 2
LN362898452ZM 73.40 3 1
OZ849400719NH 63.75 2 1
TE750902639LE 92.40 4 4
LL187176728CX 66.23 2 1
XX742856551UA 78.86 3 4
TG102114542DT 53.22 4 2
MV332630110XC 25.43 7 8
ZJ261692042YO 86.13 2 1
MM838884426SE 64.57 14 8
AA210611476DA 29.55 4 1
FC076676540IM 57.10 4 2
KB404098141GS 50.38 2 2
CA054290598AW 48.57 17 6
ZT287329931KD 20.02 2 1
KX897827294WV 60.41 14 4
QF298336578TJ 94.29 9 6
FU577152287HQ 50.79 4 3
IJ510345850MJ 23.52 5 3
SP475106118JN 36.93 3 1
AU189325966XV 59.29 3 1
JY261170727LA 41.89 8 2
WX537354468DO 69.63 2 1
EA973643334WA 51.41 3 1
LD535387844LL 38.59 3 3
DS922358461CN 33.77 1 1
PW978681891OQ 91.79 16 8
LY158437701UW 71.18 12 3
PX921347552KW 40.20 1 1
